-0.01029	-2.36181
-0.02349	-2.32663
-0.036	-2.29146
-0.04784	-2.25628
-0.05903	-2.22111
-0.0696	-2.18593
-0.07958	-2.15075
-0.08897	-2.11558
-0.09782	-2.0804
-0.10614	-2.04523
-0.11395	-2.01005
-0.12127	-1.97487
-0.12814	-1.9397
-0.13456	-1.90452
-0.14055	-1.86935
-0.14614	-1.83417
-0.15135	-1.79899
-0.15619	-1.76382
-0.16068	-1.72864
-0.16484	-1.69347
-0.16869	-1.65829
-0.17224	-1.62312
-0.17551	-1.58794
-0.17851	-1.55276
-0.18127	-1.51759
-0.18378	-1.48241
-0.18607	-1.44724
-0.18815	-1.41206
-0.19004	-1.37688
-0.19174	-1.34171
-0.19327	-1.30653
-0.19464	-1.27136
-0.19586	-1.23618
-0.19693	-1.20101
-0.19788	-1.16583
-0.19871	-1.13065
-0.19942	-1.09548
-0.20003	-1.0603
-0.20055	-1.02513
-0.20097	-0.98995
-0.20132	-0.95477
-0.20158	-0.9196
-0.20178	-0.88442
-0.20191	-0.84925
-0.20198	-0.81407
-0.202	-0.77889
-0.20196	-0.74372
-0.20187	-0.70854
-0.20174	-0.67337
-0.20156	-0.63819
-0.20134	-0.60302
-0.20107	-0.56784
-0.20077	-0.53266
-0.20042	-0.49749
-0.20003	-0.46231
-0.1996	-0.42714
-0.19912	-0.39196
-0.1986	-0.35678
-0.19803	-0.32161
-0.1974	-0.28643
-0.19672	-0.25126
-0.19598	-0.21608
-0.19518	-0.1809
-0.19431	-0.14573
-0.19336	-0.11055
-0.19234	-0.07538
-0.19122	-0.0402
-0.19001	-0.00503
-0.1887	0.03015
-0.18728	0.06533
-0.18574	0.1005
-0.18407	0.13568
-0.18226	0.17085
-0.18031	0.20603
-0.1782	0.24121
-0.17591	0.27638
-0.17345	0.31156
-0.17079	0.34673
-0.16793	0.38191
-0.16484	0.41709
-0.16152	0.45226
-0.15796	0.48744
-0.15413	0.52261
-0.15002	0.55779
-0.14562	0.59296
-0.14091	0.62814
-0.13588	0.66332
-0.13049	0.69849
-0.12475	0.73367
-0.11863	0.76884
-0.1121	0.80402
-0.10516	0.8392
-0.09778	0.87437
-0.08994	0.90955
-0.08162	0.94472
-0.07279	0.9799
-0.06345	1.01508
-0.05356	1.05025
-0.0431	1.08543
-0.03204	1.1206
-0.02037	1.15578
-0.00806	1.19095