0.29318345	4.6970735
0.28932756	4.419609
0.28238750	3.9146256
0.27234867	3.3430104
0.24760883	2.2551725
0.23019263	1.7222558
0.19222935	0.9448534
0.16237897	0.5781427
0.13057554	0.35009232
0.09682560	0.18858026
0.05453450	0.060197406
0.02853748	-0.0013098094
-0.00134453	-0.018505992
-0.02811976	-0.05783616
-0.06304654	-0.08067349
-0.09331564	-0.10897256
-0.12358425	-0.14281946
-0.15035948	-0.18214963
-0.18372935	-0.25488892
-0.2194233	-0.3776019
-0.26015195	-0.616913
-0.28264454	-0.80595624
-0.29504862	-0.9726214
